151
151
176
175
176
176
711
1099
710
151
152
151
151
151
164
151
151
115
144
164
151
158
167
173
178
151
177
178
178
158
186
768
177
174
165
756
580
340
151
146
158
151
151
150
114
176
175
154
146
159
783
151
140
542
151
152
151
151
117
167
166
153
152
148
150
89
89
138
140
140
140
142
166
177
99
97
169
155
146
140
140
140
140
125
112
117
133
176
176
186
176
176
760
687
1095
297
675
186
186
132
176
793
176
686
102
87
793
170
72
166
146
159
188
151
151
145
151
152
150
141
151
174
141
157
175
684
793
141
150
122
154
122
156
141
186
168
186
151
169
151
186
166
151
151
151
151
151
159
150
149
186
176
140
98
150
149
186
160
175
176
176
176
151
141
153
145
124
161
164
154
137
154
138
159
138
154
135
151
139
176
175
175
7218
170
151
151
